$ANSIBLE_VAULT;1.1;AES256
31363735393538653234333334663535373466376339323632656464633365336133353235313962
3935343537313430666664336431323461626132356634380a346237633062666161333830343935
64663139303038396265346366386635333430393231656432363937623634396630656665636237
6136333731393838380a356237316166303265396237306433613365653866396666333732336335
36363136383766333135393933633537336332363732373332626534346137393131363538316137
62616166303964386234336362373230393435633638636262373238646465316633633438333965
61306465326135383165333365636635323536363361303430353262343535333736636135363735
65306330653566336233623839333265643334373237366636336234646637386364393331393639
39613166336133623062323865333537363632346161383631386338323165326231663931326266
35383730623461323763373165366530326239333530336334616439623137646130376466643534
39383936363839353135386561613261333562363338613639353465376236636562393764343965
39346161373762336435626663336431636630383635316633303064323238313664633865303730
38353334326435303566383064333365346364313966653736626663343163386364316538343539
39323033633035656436373130336335663537343865313438353965313238353434353932656363
62316363363131633438633938366639643066663730633464353039353236323063303539386431
31613934333530666365343266373533366331316136356639633931306565636336396135363964
31613438396137303139656636343864616166323733346364616231643832646561666436663161
34363738666533333663663764396432633066656662306663636436333236633362646135626261
35663765333139353861616631636263353264326534366630356561616137613866393936616433
37343162643930316235626334396134653534666130316263326465656538396439376236323439
66643964656563653563386662656461313062326436326137383432356137343866393066623561
35306234656234616339346638366561396130323632313236653036353130666564373130633630
66616433373462303761666165636633366132663934306335613063303834343461643131363163
37363730663831326433336461313234363036383132343038636264396162306239326339353564
33386564396237616362346531633332376466666462306637383932643430333565346164613236
64376330366635323935326264313434313539343233333364313734643131303534613862363265
64383932666533376437653130653930653665393637366131353937656433643031306466326363
65393563616663636362653531613665393665313333656363666432666164343439303339366261
33356433623762346332393931626361643734626537373034343139313337323530316565666265
39613138646364666166626338653033643137366231373837303636336461663765393664373638
62353666646464646164326131303666653261396365303939646431636235656334373137666530
33643836333463623566653933363432653634656234653362666538653738376335303364623438
37393337343062343730646535623065376666323263313634373661306166366361353364653631
63663239323737333263373637666565613265326161353864393162666262303064363539396133
62323839633664363730663366373566643134373334646530393062643863653833633633633735
37623438616534383430316664343430333430393930653830383032636266346639636662626162
35316631376236316363626532326665653763623863343939313130663931626636333161626237
6235316530623332643838656563356264636636376434363161
