$ANSIBLE_VAULT;1.1;AES256
61636236373766383936663565613039633564626132356333336134393439663734336634663661
3131373534333234616631343834623531663433383538360a646136326238626662343662356561
36303431393264666261306132373362653165336634313763373861313832313135643430323961
6562343633636261640a363962356234373439656532643164336365386561656336613231626662
66373336616165373039653837363837383631616533303235356230626430666234343064643737
64373963633866666430623735616134323134376363363731653565383335326532633666653362
38383931326131636539636232323433353930393634373762643563323763313731383965343265
38653034643534373565393635316363366139363431393466303836666139366465396665643262
64306430393530333463663534366661663934656237613162356638633463306439323364323631
39653964636635373066323031323330643435613466373935316463313438343430363139323465
39313561616437303736306635633933633662653566646332333234386366313966626462616530
65313330666630623064366166656431363735616131383133353635646366396265626666636334
66353063616438346330393637373866303566303539623534643662613238356635373430666161
36333534376638353232646537306362393438643931323362636139623866383637633331626530
36346265306564643863313632303337353039666562343939366537626661303135383234656563
64393833663132643666373262636265353133383661613439346463626138616563363732616436
63316362356331373830343662643038336134393530353338363964306431343763303963656136
63646565613264636532353436306232336530303262386634653434363537366230373835633334
30303933396231383661653338313734663231393434656663653461373237383863323265643262
35653437326165656234383962363135616636653033306462653435613964646461633365646436
66666361356465396162666535663633396532623761666163323738316664613532353364383033
64633131376134646462313034613030656165653532623266613735343033396130393962363035
38626632313437353666653162363337646166613963366136616437633464306161346332616536
63656336356430373163666432633363623836333635613135613334386334613739386265666538
38636136323939346635653438346334633664616361323533323565663362316431
